Test Loss: 0.7341
Jaccard Score: 0.0803
Hit Rate: 0.6569
              precision    recall  f1-score   support

           0       0.09      0.38      0.15      4821
           1       0.06      0.52      0.11      3374
           2       0.06      0.83      0.11      3203
           3       0.05      0.83      0.10      2718
           4       0.28      0.60      0.38     14502
           5       0.07      0.48      0.12      3636
           6       0.46      0.45      0.46     23686
           7       0.08      0.45      0.13      4101
           8       0.06      0.67      0.11      2982
           9       0.05      0.43      0.09      2427
          10       0.07      0.44      0.13      3935
          11       0.05      0.23      0.08      2586
          12       0.02      0.38      0.04      1131
          13       0.05      0.54      0.09      2647
          14       0.11      0.66      0.19      5494
          15       0.05      0.90      0.10      2767
          16       0.02      0.84      0.05      1270
          17       0.10      0.07      0.08      5442
          18       0.03      0.52      0.06      1420
          19       0.02      0.38      0.04      1229

   micro avg       0.09      0.51      0.15     93371
   macro avg       0.09      0.53      0.13     93371
weighted avg       0.20      0.51      0.24     93371
 samples avg       0.09      0.51      0.48     93371

