Predict time: 22.261203289031982
Accuracy: 0.24747649869009092
Hamming Score: 0.9231815379873632
Jaccard Score: 0.35834848509227823
Hit Rate: 0.7187355524734166
Classification Report:
              precision    recall  f1-score   support

           0       0.53      0.33      0.41      4821
           1       0.43      0.30      0.35      3374
           2       0.61      0.48      0.54      3203
           3       0.42      0.33      0.37      2718
           4       0.64      0.60      0.62     14502
           5       0.43      0.39      0.41      3636
           6       0.68      0.71      0.69     23686
           7       0.47      0.27      0.34      4101
           8       0.46      0.20      0.28      2982
           9       0.45      0.31      0.37      2427
          10       0.68      0.46      0.55      3935
          11       0.65      0.55      0.60      2586
          12       0.40      0.12      0.18      1131
          13       0.36      0.11      0.16      2647
          14       0.43      0.19      0.26      5494
          15       0.60      0.49      0.54      2767
          16       0.70      0.53      0.60      1270
          17       0.42      0.37      0.39      5442
          18       0.52      0.44      0.48      1420
          19       0.79      0.59      0.68      1229

   micro avg       0.59      0.48      0.53     93371
   macro avg       0.53      0.39      0.44     93371
weighted avg       0.57      0.48      0.51     93371
 samples avg       0.65      0.54      0.75     93371

