Predict time: 23.270237684249878
Accuracy: 0.23909693327169054
Hamming Score: 0.9222308907381723
Jaccard Score: 0.348836271552767
Hit Rate: 0.6966404684851287
Classification Report:
              precision    recall  f1-score   support

           0       0.48      0.41      0.44      4821
           1       0.43      0.27      0.33      3374
           2       0.60      0.47      0.53      3203
           3       0.42      0.32      0.36      2718
           4       0.70      0.51      0.59     14502
           5       0.46      0.36      0.41      3636
           6       0.68      0.69      0.69     23686
           7       0.46      0.24      0.32      4101
           8       0.39      0.24      0.30      2982
           9       0.40      0.40      0.40      2427
          10       0.67      0.48      0.56      3935
          11       0.63      0.55      0.59      2586
          12       0.32      0.16      0.22      1131
          13       0.36      0.10      0.16      2647
          14       0.38      0.26      0.31      5494
          15       0.60      0.47      0.53      2767
          16       0.65      0.59      0.62      1270
          17       0.45      0.30      0.36      5442
          18       0.54      0.40      0.46      1420
          19       0.75      0.66      0.70      1229

   micro avg       0.59      0.46      0.52     93371
   macro avg       0.52      0.39      0.44     93371
weighted avg       0.57      0.46      0.51     93371
 samples avg       0.66      0.52      0.73     93371

