Error type: constant
Word embeddings: bow
Predict time: 0.6270675659179688
Accuracy: 0.23593774079210972
Hamming Score: 0.9278095623362613
Jaccard Score: 0.4199018606235101
Hit Rate: 0.8075782092772384
Classification Report:
              precision    recall  f1-score   support

           0       0.66      0.40      0.50      4932
           1       0.64      0.31      0.42      3479
           2       0.79      0.44      0.56      3249
           3       0.59      0.39      0.47      2734
           4       0.61      0.67      0.64     14424
           5       0.59      0.43      0.50      3649
           6       0.55      0.94      0.70     23512
           7       0.65      0.29      0.41      4141
           8       0.61      0.26      0.37      2936
           9       0.63      0.42      0.51      2539
          10       0.75      0.53      0.62      3773
          11       0.71      0.63      0.67      2606
          12       0.68      0.28      0.40      1201
          13       0.61      0.21      0.31      2662
          14       0.53      0.36      0.43      5524
          15       0.71      0.51      0.59      2722
          16       0.79      0.64      0.71      1242
          17       0.60      0.32      0.42      5524
          18       0.67      0.62      0.64      1444
          19       0.86      0.69      0.77      1211

   micro avg       0.60      0.58      0.59     93504
   macro avg       0.66      0.47      0.53     93504
weighted avg       0.62      0.58      0.57     93504
 samples avg       0.62      0.64      0.78     93504

