Error type: constant
Word embeddings: tfidf
Predict time: 0.6538650989532471
Accuracy: 0.24310371397750039
Hamming Score: 0.9296357296964093
Jaccard Score: 0.4336338757568475
Hit Rate: 0.8230466944059177
Classification Report:
              precision    recall  f1-score   support

           0       0.67      0.43      0.52      4828
           1       0.67      0.34      0.45      3506
           2       0.80      0.44      0.56      3266
           3       0.61      0.43      0.50      2576
           4       0.60      0.69      0.64     14345
           5       0.61      0.45      0.52      3626
           6       0.56      0.95      0.70     23560
           7       0.65      0.30      0.41      4148
           8       0.63      0.29      0.39      2915
           9       0.64      0.45      0.53      2439
          10       0.74      0.54      0.63      3881
          11       0.73      0.65      0.69      2529
          12       0.63      0.28      0.38      1114
          13       0.67      0.25      0.37      2748
          14       0.54      0.39      0.46      5464
          15       0.74      0.53      0.62      2832
          16       0.79      0.68      0.73      1219
          17       0.62      0.36      0.46      5590
          18       0.74      0.65      0.69      1428
          19       0.86      0.73      0.79      1228

   micro avg       0.61      0.60      0.60     93242
   macro avg       0.67      0.49      0.55     93242
weighted avg       0.63      0.60      0.58     93242
 samples avg       0.63      0.66      0.78     93242

