Error type: constant
Word embeddings: w2v
Predict time: 0.22946643829345703
Accuracy: 0.09090383726306056
Hamming Score: 0.8842059639389737
Jaccard Score: 0.17326603309081406
Hit Rate: 0.4598166127292341
Classification Report:
              precision    recall  f1-score   support

           0       0.09      0.03      0.04      4821
           1       0.07      0.01      0.02      3374
           2       0.07      0.06      0.06      3203
           3       0.06      0.03      0.04      2718
           4       0.28      0.52      0.36     14502
           5       0.09      0.03      0.04      3636
           6       0.45      0.71      0.55     23686
           7       0.06      0.01      0.01      4101
           8       0.03      0.00      0.00      2982
           9       0.04      0.01      0.01      2427
          10       0.03      0.00      0.00      3935
          11       0.04      0.01      0.02      2586
          12       0.00      0.00      1.00      1131
          13       0.02      0.00      0.00      2647
          14       0.10      0.03      0.05      5494
          15       0.05      0.01      0.01      2767
          16       0.03      0.01      0.02      1270
          17       0.11      0.01      0.02      5442
          18       0.02      0.00      0.00      1420
          19       0.07      0.00      0.00      1229

   micro avg       0.33      0.27      0.30     93371
   macro avg       0.09      0.07      0.11     93371
weighted avg       0.20      0.27      0.22     93371
 samples avg       0.35      0.31      0.82     93371

