Error type: constant
Word embeddings: bow
Predict time: 0.6364448070526123
Accuracy: 0.23630374479889044
Hamming Score: 0.9277970411465557
Jaccard Score: 0.4196709889684537
Hit Rate: 0.8078286330713516
Classification Report:
              precision    recall  f1-score   support

           0       0.63      0.38      0.47      4846
           1       0.66      0.32      0.43      3486
           2       0.80      0.43      0.56      3207
           3       0.61      0.39      0.48      2683
           4       0.61      0.66      0.63     14358
           5       0.61      0.45      0.51      3670
           6       0.56      0.94      0.70     23698
           7       0.65      0.29      0.40      4118
           8       0.62      0.26      0.37      2975
           9       0.60      0.43      0.50      2414
          10       0.75      0.51      0.61      3964
          11       0.71      0.62      0.66      2563
          12       0.63      0.27      0.38      1123
          13       0.64      0.22      0.33      2682
          14       0.53      0.37      0.43      5620
          15       0.72      0.51      0.60      2756
          16       0.78      0.64      0.70      1277
          17       0.59      0.33      0.42      5494
          18       0.66      0.61      0.63      1445
          19       0.86      0.70      0.77      1236

   micro avg       0.60      0.58      0.59     93615
   macro avg       0.66      0.47      0.53     93615
weighted avg       0.62      0.58      0.57     93615
 samples avg       0.62      0.64      0.78     93615

