Predict time: 1.1364781856536865
Accuracy: 0.24397056557250732
Hamming Score: 0.9211193943596856
Jaccard Score: 0.3991327825793482
Hit Rate: 0.772904145476961
Classification Report:
              precision    recall  f1-score   support

           0       0.48      0.58      0.53      4942
           1       0.42      0.44      0.43      3471
           2       0.55      0.50      0.52      3178
           3       0.34      0.52      0.41      2607
           4       0.67      0.70      0.69     14398
           5       0.42      0.48      0.45      3591
           6       0.71      0.78      0.74     23661
           7       0.53      0.39      0.45      4139
           8       0.43      0.33      0.37      2935
           9       0.38      0.54      0.44      2442
          10       0.65      0.57      0.61      3882
          11       0.48      0.61      0.54      2657
          12       0.21      0.13      0.16      1136
          13       0.36      0.22      0.27      2661
          14       0.42      0.44      0.43      5453
          15       0.56      0.50      0.53      2787
          16       0.55      0.41      0.47      1243
          17       0.46      0.49      0.47      5534
          18       0.46      0.39      0.42      1448
          19       0.61      0.50      0.55      1207

   micro avg       0.56      0.58      0.57     93372
   macro avg       0.48      0.48      0.47     93372
weighted avg       0.56      0.58      0.57     93372
 samples avg       0.69      0.63      0.68     93372

