Predict time: 1.2149524688720703
Accuracy: 0.24098474341192788
Hamming Score: 0.9205626830020034
Jaccard Score: 0.39685244367088146
Hit Rate: 0.7711126521806133
Classification Report:
              precision    recall  f1-score   support

           0       0.48      0.56      0.52      4955
           1       0.41      0.44      0.42      3470
           2       0.57      0.52      0.55      3214
           3       0.32      0.49      0.39      2663
           4       0.67      0.70      0.68     14345
           5       0.44      0.48      0.46      3654
           6       0.70      0.78      0.74     23618
           7       0.51      0.38      0.44      4174
           8       0.42      0.33      0.37      2902
           9       0.38      0.54      0.44      2480
          10       0.65      0.57      0.61      3899
          11       0.49      0.63      0.55      2575
          12       0.20      0.13      0.16      1166
          13       0.38      0.25      0.30      2678
          14       0.41      0.43      0.42      5473
          15       0.54      0.50      0.52      2831
          16       0.53      0.40      0.46      1237
          17       0.46      0.50      0.48      5559
          18       0.44      0.39      0.41      1441
          19       0.61      0.50      0.55      1176

   micro avg       0.56      0.58      0.57     93510
   macro avg       0.48      0.48      0.47     93510
weighted avg       0.56      0.58      0.56     93510
 samples avg       0.68      0.63      0.68     93510

