Predict time: 0.9316399097442627
Accuracy: 0.24331561103405763
Hamming Score: 0.9213823393435043
Jaccard Score: 0.3998367683065815
Hit Rate: 0.7736554168593004
Classification Report:
              precision    recall  f1-score   support

           0       0.46      0.58      0.51      4759
           1       0.40      0.44      0.42      3399
           2       0.57      0.51      0.54      3238
           3       0.34      0.52      0.41      2670
           4       0.68      0.71      0.69     14578
           5       0.44      0.49      0.46      3553
           6       0.71      0.78      0.74     23469
           7       0.51      0.37      0.43      4116
           8       0.42      0.32      0.36      2939
           9       0.38      0.55      0.45      2484
          10       0.65      0.57      0.61      4045
          11       0.48      0.61      0.54      2595
          12       0.22      0.13      0.16      1141
          13       0.39      0.24      0.30      2732
          14       0.41      0.43      0.42      5458
          15       0.56      0.52      0.54      2784
          16       0.56      0.41      0.48      1211
          17       0.46      0.50      0.48      5494
          18       0.46      0.39      0.42      1469
          19       0.62      0.48      0.54      1232

   micro avg       0.56      0.58      0.57     93366
   macro avg       0.49      0.48      0.48     93366
weighted avg       0.56      0.58      0.57     93366
 samples avg       0.69      0.63      0.68     93366

