Predict time: 1.1578762531280518
Accuracy: 0.240387578979812
Hamming Score: 0.9208448913546001
Jaccard Score: 0.3981060356381693
Hit Rate: 0.7743874248728617
Classification Report:
              precision    recall  f1-score   support

           0       0.47      0.56      0.51      4955
           1       0.42      0.45      0.43      3434
           2       0.56      0.51      0.53      3243
           3       0.33      0.49      0.39      2700
           4       0.67      0.70      0.69     14515
           5       0.43      0.49      0.46      3572
           6       0.71      0.78      0.74     23698
           7       0.52      0.38      0.44      4145
           8       0.41      0.32      0.36      2970
           9       0.37      0.53      0.44      2410
          10       0.65      0.58      0.61      3865
          11       0.49      0.63      0.55      2579
          12       0.21      0.13      0.16      1159
          13       0.40      0.24      0.30      2728
          14       0.41      0.43      0.42      5399
          15       0.55      0.50      0.53      2845
          16       0.56      0.42      0.48      1264
          17       0.46      0.50      0.48      5489
          18       0.42      0.37      0.40      1411
          19       0.59      0.48      0.53      1227

   micro avg       0.56      0.58      0.57     93608
   macro avg       0.48      0.47      0.47     93608
weighted avg       0.56      0.58      0.57     93608
 samples avg       0.69      0.63      0.68     93608

