Predict time: 0.8651697635650635
Accuracy: 0.20413391893974417
Hamming Score: 0.9101267529665588
Jaccard Score: 0.34359457767335194
Hit Rate: 0.7273077515795963
Classification Report:
              precision    recall  f1-score   support

           0       0.41      0.51      0.46      4821
           1       0.33      0.37      0.34      3374
           2       0.47      0.44      0.45      3203
           3       0.28      0.43      0.34      2718
           4       0.63      0.66      0.64     14502
           5       0.38      0.42      0.40      3636
           6       0.67      0.74      0.71     23686
           7       0.39      0.29      0.33      4101
           8       0.32      0.25      0.28      2982
           9       0.32      0.49      0.39      2427
          10       0.59      0.49      0.54      3935
          11       0.44      0.58      0.50      2586
          12       0.13      0.08      0.10      1131
          13       0.26      0.17      0.21      2647
          14       0.33      0.35      0.34      5494
          15       0.49      0.45      0.47      2767
          16       0.47      0.33      0.39      1270
          17       0.39      0.42      0.41      5442
          18       0.35      0.30      0.32      1420
          19       0.54      0.42      0.47      1229

   micro avg       0.50      0.52      0.51     93371
   macro avg       0.41      0.41      0.40     93371
weighted avg       0.50      0.52      0.51     93371
 samples avg       0.65      0.58      0.66     93371

