Predict time: 0.4064786434173584
Accuracy: 0.17263831098782556
Hamming Score: 0.920352712282324
Jaccard Score: 0.18065711511404395
Hit Rate: 0.3476460163353367
Classification Report:
              precision    recall  f1-score   support

           0       0.45      0.01      0.03      4821
           1       0.18      0.00      0.01      3374
           2       0.64      0.02      0.04      3203
           3       0.05      0.00      0.00      2718
           4       0.83      0.16      0.27     14502
           5       0.14      0.00      0.01      3636
           6       0.71      0.65      0.68     23686
           7       0.52      0.01      0.02      4101
           8       0.07      0.00      0.00      2982
           9       0.05      0.00      0.00      2427
          10       0.22      0.00      0.00      3935
          11       0.75      0.05      0.09      2586
          12       0.07      0.00      0.01      1131
          13       0.06      0.00      0.00      2647
          14       0.18      0.00      0.01      5494
          15       0.38      0.01      0.01      2767
          16       0.44      0.02      0.03      1270
          17       0.09      0.00      0.00      5442
          18       0.04      0.00      0.00      1420
          19       0.00      0.00      1.00      1229

   micro avg       0.71      0.20      0.31     93371
   macro avg       0.29      0.05      0.11     93371
weighted avg       0.46      0.20      0.24     93371
 samples avg       0.87      0.25      0.40     93371

