Predict time: 0.6797788143157959
Accuracy: 0.22721143473570657
Hamming Score: 0.9182366312220681
Jaccard Score: 0.4261087074094105
Hit Rate: 0.8488596085683464
Classification Report:
              precision    recall  f1-score   support

           0       0.46      0.68      0.55      4945
           1       0.40      0.57      0.47      3487
           2       0.55      0.64      0.59      3301
           3       0.32      0.69      0.44      2661
           4       0.66      0.73      0.70     14495
           5       0.44      0.62      0.51      3593
           6       0.70      0.78      0.74     23530
           7       0.52      0.52      0.52      4167
           8       0.42      0.51      0.46      2947
           9       0.36      0.74      0.48      2402
          10       0.58      0.73      0.65      3907
          11       0.45      0.72      0.55      2536
          12       0.28      0.29      0.29      1114
          13       0.41      0.38      0.39      2696
          14       0.42      0.55      0.48      5437
          15       0.52      0.65      0.58      2856
          16       0.63      0.69      0.66      1225
          17       0.43      0.63      0.51      5415
          18       0.48      0.66      0.55      1469
          19       0.69      0.75      0.72      1158

   micro avg       0.54      0.68      0.60     93341
   macro avg       0.49      0.63      0.54     93341
weighted avg       0.55      0.68      0.60     93341
 samples avg       0.63      0.72      0.71     93341

