Predict time: 0.720973014831543
Accuracy: 0.2265564801972569
Hamming Score: 0.9183666589613192
Jaccard Score: 0.4255300401257998
Hit Rate: 0.848435814455232
Classification Report:
              precision    recall  f1-score   support

           0       0.45      0.66      0.54      4789
           1       0.40      0.57      0.47      3451
           2       0.55      0.64      0.59      3262
           3       0.32      0.69      0.44      2670
           4       0.66      0.73      0.69     14171
           5       0.44      0.63      0.52      3650
           6       0.71      0.79      0.75     23713
           7       0.53      0.53      0.53      4135
           8       0.42      0.50      0.46      3059
           9       0.36      0.74      0.48      2390
          10       0.58      0.72      0.64      3870
          11       0.46      0.72      0.56      2604
          12       0.27      0.27      0.27      1114
          13       0.39      0.38      0.39      2528
          14       0.42      0.54      0.47      5532
          15       0.51      0.65      0.57      2760
          16       0.65      0.70      0.68      1226
          17       0.43      0.63      0.51      5488
          18       0.48      0.68      0.56      1405
          19       0.69      0.75      0.72      1227

   micro avg       0.54      0.67      0.60     93044
   macro avg       0.49      0.63      0.54     93044
weighted avg       0.55      0.67      0.60     93044
 samples avg       0.63      0.72      0.71     93044

