Predict time: 0.5882079601287842
Accuracy: 0.17808984435198028
Hamming Score: 0.9030590229619356
Jaccard Score: 0.3587869907304176
Hit Rate: 0.8033595315148713
Classification Report:
              precision    recall  f1-score   support

           0       0.39      0.60      0.47      4821
           1       0.31      0.47      0.38      3374
           2       0.46      0.58      0.51      3203
           3       0.27      0.59      0.37      2718
           4       0.61      0.68      0.64     14502
           5       0.37      0.54      0.44      3636
           6       0.67      0.75      0.71     23686
           7       0.38      0.40      0.39      4101
           8       0.31      0.37      0.34      2982
           9       0.31      0.65      0.42      2427
          10       0.53      0.63      0.57      3935
          11       0.41      0.66      0.51      2586
          12       0.14      0.15      0.15      1131
          13       0.26      0.26      0.26      2647
          14       0.33      0.45      0.38      5494
          15       0.46      0.60      0.52      2767
          16       0.56      0.62      0.59      1270
          17       0.37      0.53      0.43      5442
          18       0.38      0.57      0.45      1420
          19       0.61      0.68      0.64      1229

   micro avg       0.47      0.60      0.53     93371
   macro avg       0.41      0.54      0.46     93371
weighted avg       0.49      0.60      0.54     93371
 samples avg       0.58      0.66      0.68     93371

