Predict time: 0.47551989555358887
Accuracy: 0.227095854523039
Hamming Score: 0.9178224687933426
Jaccard Score: 0.4259763851044505
Hit Rate: 0.8495145631067961
Classification Report:
              precision    recall  f1-score   support

           0       0.45      0.67      0.54      4826
           1       0.40      0.58      0.48      3499
           2       0.53      0.64      0.58      3237
           3       0.31      0.69      0.43      2659
           4       0.67      0.73      0.70     14405
           5       0.44      0.63      0.52      3657
           6       0.71      0.79      0.75     23651
           7       0.52      0.53      0.52      4136
           8       0.41      0.49      0.45      3008
           9       0.35      0.72      0.47      2474
          10       0.58      0.71      0.64      3851
          11       0.46      0.73      0.57      2625
          12       0.29      0.29      0.29      1170
          13       0.41      0.38      0.39      2764
          14       0.42      0.55      0.48      5428
          15       0.52      0.66      0.58      2780
          16       0.63      0.71      0.67      1235
          17       0.43      0.62      0.51      5469
          18       0.48      0.70      0.57      1503
          19       0.68      0.73      0.70      1247

   micro avg       0.54      0.68      0.60     93624
   macro avg       0.49      0.63      0.54     93624
weighted avg       0.55      0.68      0.60     93624
 samples avg       0.63      0.72      0.71     93624

