Predict time: 0.5148699283599854
Accuracy: 0.22630605640314377
Hamming Score: 0.9184138542148251
Jaccard Score: 0.4264647134896507
Hit Rate: 0.8499383572199106
Classification Report:
              precision    recall  f1-score   support

           0       0.46      0.67      0.55      4918
           1       0.40      0.57      0.47      3454
           2       0.54      0.65      0.59      3223
           3       0.32      0.69      0.44      2687
           4       0.66      0.73      0.70     14295
           5       0.44      0.64      0.52      3700
           6       0.71      0.79      0.74     23663
           7       0.52      0.51      0.52      4121
           8       0.42      0.50      0.46      2892
           9       0.36      0.74      0.48      2434
          10       0.58      0.72      0.64      3825
          11       0.47      0.73      0.57      2648
          12       0.28      0.27      0.27      1146
          13       0.39      0.37      0.38      2687
          14       0.42      0.55      0.48      5560
          15       0.52      0.65      0.58      2771
          16       0.65      0.69      0.67      1238
          17       0.44      0.64      0.52      5412
          18       0.47      0.70      0.56      1437
          19       0.69      0.72      0.71      1166

   micro avg       0.54      0.68      0.60     93277
   macro avg       0.49      0.63      0.54     93277
weighted avg       0.55      0.68      0.60     93277
 samples avg       0.63      0.72      0.71     93277

