Train time: 5.53341269493103
Predict time: 1.8112711906433105
Accuracy: 0.2017837879488365
Hamming Score: 0.9162409462166744
Jaccard Score: 0.2868986215549123
Hit Rate: 51912
Classification Report:
              precision    recall  f1-score   support

           0       0.44      0.30      0.36      4821
           1       0.36      0.17      0.23      3374
           2       0.49      0.15      0.23      3203
           3       0.29      0.15      0.20      2718
           4       0.62      0.58      0.60     14502
           5       0.36      0.18      0.24      3636
           6       0.67      0.73      0.70     23686
           7       0.34      0.11      0.17      4101
           8       0.29      0.07      0.12      2982
           9       0.39      0.20      0.26      2427
          10       0.55      0.18      0.27      3935
          11       0.54      0.30      0.39      2586
          12       0.09      0.01      0.02      1131
          13       0.20      0.04      0.07      2647
          14       0.31      0.21      0.25      5494
          15       0.52      0.17      0.26      2767
          16       0.36      0.05      0.09      1270
          17       0.36      0.20      0.26      5442
          18       0.27      0.05      0.08      1420
          19       0.51      0.10      0.16      1229

   micro avg       0.55      0.37      0.45     93371
   macro avg       0.40      0.20      0.25     93371
weighted avg       0.49      0.37      0.40     93371
 samples avg       0.74      0.43      0.58     93371

