Train time: 3.516947031021118
Predict time: 0.8282780647277832
Accuracy: 0.17261904761904762
Hamming Score: 0.8999759207890276
Jaccard Score: 0.35270358712251065
Hit Rate: 0.8001040221914009
Classification Report:
              precision    recall  f1-score   support

           0       0.39      0.59      0.47      4821
           1       0.31      0.48      0.38      3374
           2       0.43      0.59      0.50      3203
           3       0.27      0.59      0.37      2718
           4       0.61      0.69      0.65     14502
           5       0.36      0.55      0.43      3636
           6       0.67      0.74      0.71     23686
           7       0.37      0.42      0.39      4101
           8       0.29      0.39      0.34      2982
           9       0.30      0.63      0.40      2427
          10       0.52      0.65      0.58      3935
          11       0.38      0.66      0.48      2586
          12       0.15      0.20      0.17      1131
          13       0.25      0.30      0.27      2647
          14       0.32      0.45      0.37      5494
          15       0.44      0.60      0.51      2767
          16       0.46      0.57      0.51      1270
          17       0.37      0.54      0.44      5442
          18       0.34      0.54      0.41      1420
          19       0.50      0.65      0.57      1229

   micro avg       0.46      0.61      0.52     93371
   macro avg       0.39      0.54      0.45     93371
weighted avg       0.48      0.61      0.53     93371
 samples avg       0.57      0.66      0.67     93371

