Train time: 3.8463845252990723
Predict time: 0.615349292755127
Accuracy: 0.134612421020188
Hamming Score: 0.9184273385729697
Jaccard Score: 0.143599648104517
Hit Rate: 0.2728656187394051
Classification Report:
              precision    recall  f1-score   support

           0       0.18      0.00      0.00      4821
           1       0.09      0.00      0.00      3374
           2       0.22      0.00      0.00      3203
           3       0.00      0.00      1.00      2718
           4       0.80      0.04      0.07     14502
           5       0.15      0.00      0.00      3636
           6       0.73      0.58      0.64     23686
           7       0.03      0.00      0.00      4101
           8       0.00      0.00      1.00      2982
           9       0.04      0.00      0.00      2427
          10       0.00      0.00      1.00      3935
          11       0.18      0.00      0.00      2586
          12       0.00      0.00      1.00      1131
          13       0.00      0.00      1.00      2647
          14       0.18      0.00      0.00      5494
          15       0.00      0.00      1.00      2767
          16       0.00      0.00      1.00      1270
          17       0.11      0.00      0.00      5442
          18       0.06      0.00      0.00      1420
          19       0.00      0.00      1.00      1229

   micro avg       0.72      0.15      0.25     93371
   macro avg       0.14      0.03      0.44     93371
weighted avg       0.36      0.15      0.38     93371
 samples avg       0.90      0.19      0.31     93371

