Train time: 2.4304111003875732
Predict time: 0.38371968269348145
Accuracy: 0.23354908306364616
Hamming Score: 0.9198923177685314
Jaccard Score: 0.2725229165208873
Hit Rate: 0.545230389890584
Classification Report:
              precision    recall  f1-score   support

           0       0.48      0.21      0.30      4821
           1       0.34      0.10      0.16      3374
           2       0.55      0.17      0.26      3203
           3       0.23      0.06      0.10      2718
           4       0.69      0.52      0.59     14502
           5       0.34      0.08      0.13      3636
           6       0.68      0.73      0.71     23686
           7       0.41      0.10      0.16      4101
           8       0.24      0.05      0.08      2982
           9       0.33      0.11      0.16      2427
          10       0.55      0.12      0.20      3935
          11       0.61      0.31      0.41      2586
          12       0.08      0.02      0.03      1131
          13       0.14      0.02      0.03      2647
          14       0.31      0.08      0.13      5494
          15       0.53      0.16      0.25      2767
          16       0.40      0.11      0.17      1270
          17       0.30      0.06      0.10      5442
          18       0.24      0.06      0.10      1420
          19       0.50      0.15      0.23      1229

   micro avg       0.60      0.33      0.43     93371
   macro avg       0.40      0.16      0.22     93371
weighted avg       0.50      0.33      0.37     93371
 samples avg       0.78      0.40      0.59     93371

