Train time: 3.5932209491729736
Predict time: 0.6158101558685303
Accuracy: 0.20396054862074278
Hamming Score: 0.9210452303898906
Jaccard Score: 0.22375311307443918
Hit Rate: 0.43350285097857916
Classification Report:
              precision    recall  f1-score   support

           0       0.60      0.10      0.17      4821
           1       0.37      0.03      0.06      3374
           2       0.70      0.08      0.14      3203
           3       0.17      0.01      0.02      2718
           4       0.74      0.35      0.47     14502
           5       0.32      0.03      0.05      3636
           6       0.68      0.68      0.68     23686
           7       0.52      0.04      0.08      4101
           8       0.30      0.02      0.04      2982
           9       0.33      0.03      0.05      2427
          10       0.50      0.03      0.05      3935
          11       0.73      0.18      0.29      2586
          12       0.10      0.02      0.03      1131
          13       0.10      0.01      0.01      2647
          14       0.38      0.03      0.06      5494
          15       0.62      0.07      0.13      2767
          16       0.43      0.05      0.09      1270
          17       0.31      0.02      0.03      5442
          18       0.20      0.02      0.03      1420
          19       0.28      0.03      0.05      1229

   micro avg       0.66      0.25      0.37     93371
   macro avg       0.42      0.09      0.13     93371
weighted avg       0.53      0.25      0.29     93371
 samples avg       0.82      0.31      0.50     93371

