Train time: 2.1507298946380615
Predict time: 0.37798333168029785
Accuracy: 0.19968408075204191
Hamming Score: 0.9218234704885191
Jaccard Score: 0.2105549827844457
Hit Rate: 0.404973801818462
Classification Report:
              precision    recall  f1-score   support

           0       0.64      0.06      0.12      4821
           1       0.32      0.02      0.04      3374
           2       0.71      0.06      0.11      3203
           3       0.12      0.00      0.01      2718
           4       0.80      0.28      0.41     14502
           5       0.27      0.01      0.03      3636
           6       0.70      0.67      0.69     23686
           7       0.63      0.03      0.06      4101
           8       0.18      0.01      0.01      2982
           9       0.23      0.01      0.02      2427
          10       0.64      0.02      0.04      3935
          11       0.79      0.16      0.26      2586
          12       0.07      0.01      0.02      1131
          13       0.10      0.00      0.01      2647
          14       0.33      0.01      0.03      5494
          15       0.68      0.05      0.09      2767
          16       0.52      0.04      0.08      1270
          17       0.35      0.00      0.01      5442
          18       0.18      0.01      0.02      1420
          19       0.51      0.03      0.06      1229

   micro avg       0.70      0.23      0.35     93371
   macro avg       0.44      0.08      0.11     93371
weighted avg       0.55      0.23      0.27     93371
 samples avg       0.85      0.29      0.46     93371

