Train time: 3.7088749408721924
Predict time: 0.6093199253082275
Accuracy: 0.17300431499460625
Hamming Score: 0.9191940206503313
Jaccard Score: 0.18245159278496184
Hit Rate: 0.3556017876406226
Classification Report:
              precision    recall  f1-score   support

           0       0.40      0.02      0.04      4821
           1       0.12      0.01      0.01      3374
           2       0.42      0.02      0.03      3203
           3       0.04      0.00      0.00      2718
           4       0.79      0.17      0.27     14502
           5       0.15      0.01      0.01      3636
           6       0.70      0.67      0.68     23686
           7       0.29      0.01      0.02      4101
           8       0.07      0.00      0.00      2982
           9       0.06      0.00      0.00      2427
          10       0.10      0.00      0.00      3935
          11       0.56      0.05      0.09      2586
          12       0.08      0.01      0.02      1131
          13       0.07      0.00      0.01      2647
          14       0.21      0.01      0.01      5494
          15       0.25      0.01      0.02      2767
          16       0.35      0.03      0.06      1270
          17       0.08      0.00      0.00      5442
          18       0.04      0.00      0.00      1420
          19       0.01      0.00      0.00      1229

   micro avg       0.67      0.20      0.31     93371
   macro avg       0.24      0.05      0.06     93371
weighted avg       0.42      0.20      0.23     93371
 samples avg       0.86      0.25      0.41     93371

