Train time: 3.4330615997314453
Predict time: 0.6169631481170654
Accuracy: 0.11161195869933734
Hamming Score: 0.9176654723378024
Jaccard Score: 0.11815011966658413
Classification Report:
              precision    recall  f1-score   support

           0       0.00      0.00      1.00      4821
           1       0.12      0.00      0.00      3374
           2       0.00      0.00      1.00      3203
           3       0.00      0.00      1.00      2718
           4       0.69      0.01      0.02     14502
           5       0.22      0.00      0.00      3636
           6       0.77      0.48      0.59     23686
           7       0.00      0.00      1.00      4101
           8       0.00      0.00      1.00      2982
           9       0.17      0.00      0.00      2427
          10       0.00      0.00      1.00      3935
          11       0.00      0.00      1.00      2586
          12       0.00      0.00      1.00      1131
          13       0.00      0.00      1.00      2647
          14       0.33      0.00      0.00      5494
          15       0.00      0.00      1.00      2767
          16       0.00      0.00      1.00      1270
          17       0.00      0.00      1.00      5442
          18       0.00      0.00      1.00      1420
          19       0.00      0.00      1.00      1229

   micro avg       0.76      0.12      0.21     93371
   macro avg       0.12      0.02      0.73     93371
weighted avg       0.34      0.12      0.58     93371
 samples avg       0.93      0.16      0.24     93371

