Error type: constant
Word embeddings: tfidf
Train time: 0
Predict time: 0.6529488563537598
Accuracy: 0.19355832948065957
Hamming Score: 0.9184899445214979
Jaccard Score: 0.3703488761411576
Hit Rate: 0.7818616119586993
Classification Report:
              precision    recall  f1-score   support

           0       0.54      0.33      0.41      4821
           1       0.47      0.25      0.33      3374
           2       0.71      0.39      0.50      3203
           3       0.47      0.30      0.37      2718
           4       0.56      0.64      0.60     14502
           5       0.47      0.35      0.40      3636
           6       0.55      0.93      0.69     23686
           7       0.51      0.24      0.32      4101
           8       0.47      0.19      0.27      2982
           9       0.48      0.34      0.39      2427
          10       0.68      0.48      0.56      3935
          11       0.66      0.57      0.61      2586
          12       0.39      0.16      0.23      1131
          13       0.39      0.14      0.20      2647
          14       0.42      0.29      0.34      5494
          15       0.64      0.45      0.53      2767
          16       0.69      0.52      0.59      1270
          17       0.49      0.27      0.35      5442
          18       0.52      0.49      0.50      1420
          19       0.79      0.64      0.71      1229

   micro avg       0.55      0.53      0.54     93371
   macro avg       0.54      0.40      0.45     93371
weighted avg       0.54      0.53      0.51     93371
 samples avg       0.58      0.60      0.76     93371

