Train time: 34.92063498497009
Predict time: 0.5162086486816406
Accuracy: 0.24427877947295423
Hamming Score: 0.9261105332100478
Jaccard Score: 0.9261105332100478
Classification Report:
              precision    recall  f1-score   support

           0       0.58      0.26      0.36      4821
           1       0.54      0.16      0.25      3374
           2       0.66      0.28      0.39      3203
           3       0.58      0.19      0.29      2718
           4       0.68      0.50      0.58     14502
           5       0.51      0.22      0.31      3636
           6       0.68      0.68      0.68     23686
           7       0.56      0.16      0.25      4101
           8       0.51      0.12      0.20      2982
           9       0.53      0.23      0.32      2427
          10       0.69      0.36      0.47      3935
          11       0.76      0.47      0.58      2586
          12       0.43      0.04      0.07      1131
          13       0.41      0.06      0.10      2647
          14       0.50      0.13      0.20      5494
          15       0.68      0.32      0.44      2767
          16       0.77      0.47      0.59      1270
          17       0.48      0.15      0.23      5442
          18       0.61      0.35      0.44      1420
          19       0.83      0.47      0.60      1229

   micro avg       0.65      0.39      0.48     93371
   macro avg       0.60      0.28      0.37     93371
weighted avg       0.62      0.39      0.45     93371
 samples avg       0.55      0.45      0.46     93371

