Train time: 0
Predict time: 0.2470700740814209
Accuracy: 0.16972954230235784
Hamming Score: 0.9146709816612729
Jaccard Score: 0.3670010574752065
Hit Rate: 0.7928995222684543
Classification Report:
              precision    recall  f1-score   support

           0       0.45      0.42      0.44      4821
           1       0.40      0.30      0.35      3374
           2       0.52      0.41      0.46      3203
           3       0.43      0.37      0.39      2718
           4       0.55      0.70      0.62     14502
           5       0.43      0.39      0.41      3636
           6       0.59      0.87      0.70     23686
           7       0.39      0.30      0.34      4101
           8       0.37      0.24      0.29      2982
           9       0.43      0.40      0.42      2427
          10       0.57      0.49      0.53      3935
          11       0.64      0.58      0.61      2586
          12       0.26      0.10      0.15      1131
          13       0.30      0.15      0.20      2647
          14       0.38      0.32      0.35      5494
          15       0.59      0.45      0.51      2767
          16       0.69      0.57      0.62      1270
          17       0.40      0.34      0.36      5442
          18       0.53      0.46      0.49      1420
          19       0.75      0.56      0.64      1229

   micro avg       0.52      0.55      0.54     93371
   macro avg       0.48      0.42      0.44     93371
weighted avg       0.50      0.55      0.52     93371
 samples avg       0.56      0.62      0.74     93371

