Train time: 113.1366879940033
Predict time: 0.8542473316192627
Accuracy: 0.2327785483125289
Hamming Score: 0.9203295962397904
Jaccard Score: 0.3567234634916438
Hit Rate: 0.7442017259978425
Classification Report:
              precision    recall  f1-score   support

           0       0.47      0.38      0.42      4821
           1       0.42      0.27      0.33      3374
           2       0.54      0.38      0.45      3203
           3       0.45      0.33      0.38      2718
           4       0.57      0.66      0.61     14502
           5       0.46      0.34      0.39      3636
           6       0.63      0.80      0.70     23686
           7       0.46      0.21      0.29      4101
           8       0.43      0.21      0.28      2982
           9       0.47      0.33      0.39      2427
          10       0.61      0.44      0.51      3935
          11       0.68      0.53      0.60      2586
          12       0.33      0.07      0.11      1131
          13       0.33      0.11      0.17      2647
          14       0.43      0.19      0.26      5494
          15       0.62      0.42      0.50      2767
          16       0.73      0.53      0.61      1270
          17       0.44      0.24      0.31      5442
          18       0.56      0.41      0.47      1420
          19       0.78      0.53      0.63      1229

   micro avg       0.57      0.49      0.53     93371
   macro avg       0.52      0.37      0.42     93371
weighted avg       0.54      0.49      0.50     93371
 samples avg       0.62      0.56      0.76     93371

