Train time: 113.83012914657593
Predict time: 0.914433479309082
Accuracy: 0.23173832639852057
Hamming Score: 0.9199135074741871
Jaccard Score: 0.35809131193354643
Hit Rate: 0.7501541069502234
Classification Report:
              precision    recall  f1-score   support

           0       0.47      0.39      0.43      4821
           1       0.42      0.27      0.33      3374
           2       0.54      0.38      0.45      3203
           3       0.45      0.33      0.38      2718
           4       0.56      0.67      0.61     14502
           5       0.46      0.34      0.39      3636
           6       0.63      0.81      0.71     23686
           7       0.45      0.22      0.29      4101
           8       0.43      0.21      0.29      2982
           9       0.47      0.34      0.39      2427
          10       0.61      0.45      0.52      3935
          11       0.68      0.53      0.60      2586
          12       0.30      0.06      0.11      1131
          13       0.34      0.12      0.17      2647
          14       0.44      0.20      0.27      5494
          15       0.62      0.42      0.50      2767
          16       0.72      0.53      0.61      1270
          17       0.43      0.24      0.31      5442
          18       0.56      0.41      0.47      1420
          19       0.78      0.54      0.63      1229

   micro avg       0.56      0.50      0.53     93371
   macro avg       0.52      0.37      0.42     93371
weighted avg       0.54      0.50      0.50     93371
 samples avg       0.62      0.56      0.76     93371

